555181517844
555184154160
555182249780
555199676701
555193643840
555185023568
555180411880
555181340517
555199260707
555137839693
555194525567
555198958121
555198326890
555195919145
555197495461
555192552164
555193185592
555183058427
555192070557
555186109085
555191964202
555191913201
555184844934
555193470503
555189162859
555184488797
555193154900
555182374526
555189069743
555195350890
555193572954
555199804277
555185018503
555192909089
555181298526
555197522972
555199753941
555182005695
555191760696
555180467651
555189929617
555180136229
555189682122
555193496881
555181243979
555196306046
555191905540
555197602592
555181187802
555196388585
555184588687
555189342568
555191544964
555185866409
555181492566
555180650815
555198671039
555197439632
555181418873
555192263262
555130323189
555193510014
555193601886
555181848769
555191357221
555181144581
555196711140
555196027981
555134511231
555199071154
555184512786
555180342257
555191296002
555194460895
555180142832
555195508667
555181005499
555196692962
555196692962
555181864330
555130341433
555197866690
555198447769
555193748372
555192197074
555137818255
555195282854
555189737589
555194717808
555192645909
555198267952
555192651555
555194059370
555194811364
555197168010
555196025356
555182350072
555196682739
555190163021
555184113999
555180251830
555191704828
555198180891
555191688556
555181613448
555180708832
555192912814
555199251720
555197256482
555197032745
555183002760
555181697666
555189304000
555195091705
555189037805
555184962678
555196136263
555189191607
555181242420
555191441256
555194222512
555182215903
555182771245
555193553483
555192114418
555189585961
555193242099
555196503447
555190089783
555189690787
555191544138
555181861124
555192186996
555181314388
555181918252
555191937960
555180195028
555181025138
555193181007
555180568347
555191492103
555184111241
555190043188
555199411705
555184264579
555181336795
555198649542
555197162531
555189667280
555186489178
555186602600
555181326846
555184258098
555191689006
555190077709
555199205156
555197758244
555180112916
555186160197
555195790404
555197339186
555182198150
555182247045
555197320835
555194499583
555197109895
555196922123
555195467604
555199459090
555182600998
555191416178
555194546086
555194198912
555180648721
555198689813
555196775801
555181038220
555189347031
555194109228
555186555438
555190084923
555195289521
555189183666
555130375677
555193114606
555199371860
555193761990
555193712857
555192202110
555198699470
555191499770
555181517598
555194415255
555193119257
555181306708
555198729582
555197748358
555189508244
